1032843
1032040
1023168
1000319
1040837
1003706
1043886
1541803
5852769
3011546
1023626
1040374
1034262
1012330
1001381
1011981
1333458
1022715
4154253
1012912
1022741
1002379
1037856
1021392
1021366
1011367
1042261
1758588
1008645
1035958
1000270
1008674
1043633
1041356
1010536
1000360
1014304
1040647
5315724
1030395
1012661
1008566
1013782
1009688
1008177
1009432
1022612
1008373
1008115
1001895
4661257
1041189
5112028
4036631
1012683
1000491
1000037
1023848
1009328
4577401
1014835
1040749
1010096
1012994
2090655
1013020
3408869
4788167
1000268
1001715
1000859
5740269
1027654
3633995
1002772
2584707
1015104
1039553
1011997
1023058
1014844
1021996
1023404
1012171
4613639
1014331
1028554
1014159
1026262
1033320
1030194
4219505
1013183
1439626
1015254
1025631
1014971
1030660
1040175
1013662
1010620
1002549
1033890
1000532
1001218
1029443
1003866
1003932
1004430
1004553
1004648
1004703
1005133
1005876
1006388
1007100
1007849
1008592
1016965
1017006